0 16 13 10 20 40 11 15 10 12 10 13 31 16 30 16 13 10 20 40 11 15 10 12 10 13 31 16 30 10
0 0 10 12 10 20 30 3 12 13 7 3 16 9 60 30 16 13 10 20 40 11 15 10 12 10 13 31 16 30
0 0 0 20 14 12 30 60 4 14 8 36 7 30 20 30 16 13 10 20 40 11 15 10 12 10 13 31 16 30
0 0 0 0 10 20 13 13 40 40 5 4 17 5 10 30 16 13 10 20 40 11 15 10 12 10 13 31 16 30
0 0 0 0 0 10 10 30 8 11 21 12 23 8 60 30 16 13 10 20 40 11 15 10 12 10 13 31 16 30
0 0 0 0 0 0 6 10 20 20 9 17 5 9 30 30 16 13 10 20 40 11 15 10 12 10 13 31 16 30
0 0 0 0 0 0 0 10 2 4 30 2 13 10 21 30 16 13 10 20 40 11 15 10 12 10 13 31 16 30
0 0 0 0 0 0 0 0 20 13 11 12 4 19 13 30 16 13 10 20 40 11 15 10 12 10 13 31 16 30
0 0 0 0 0 0 0 0 0 0 0 40 25 11 64 30 16 13 10 20 40 11 15 10 12 10 13 31 16 30
0 0 0 0 0 0 0 0 0 0 10 12 17 14 21 30 16 13 10 20 40 11 15 10 12 10 13 31 16 30
0 0 0 0 0 0 0 0 0 0 0 3 11 13 13 30 16 13 10 20 40 11 15 10 12 10 13 31 16 30
0 0 0 0 0 0 0 0 0 0 0 0 0 20 0 30 16 13 10 20 40 11 15 10 12 10 13 31 16 30
0 0 0 0 0 0 0 0 0 0 0 0 0 10 35 30 16 13 10 20 40 11 15 10 12 10 13 31 16 30
0 0 0 0 0 0 0 0 0 0 0 0 0 0 22 30 16 13 10 20 40 11 15 10 12 10 13 31 16 30
0 0 0 0 0 0 0 0 0 0 0 0 0 0 0 30 16 13 10 20 40 11 15 10 12 10 13 31 16 30
0 0 0 0 0 0 0 0 0 0 0 0 0 0 0 0 16 13 10 20 40 11 15 10 12 10 13 31 16 30
0 0 0 0 0 0 0 0 0 0 0 0 0 0 0 0 0 13 12 12 13 11 15 10 12 10 13 31 16 30
0 0 0 0 0 0 0 0 0 0 0 0 0 0 0 0 0 0 12 12 23 12 15 10 12 10 13 31 16 30
0 0 0 0 0 0 0 0 0 0 0 0 0 0 0 0 0 0 0 12 13 12 15 10 12 10 13 31 16 30
0 0 0 0 0 0 0 0 0 0 0 0 0 0 0 0 0 0 0 0 15 12 15 10 12 10 13 31 16 30
0 0 0 0 0 0 0 0 0 0 0 0 0 0 0 0 0 0 0 0 0 14 15 10 12 10 13 31 16 30
0 0 0 0 0 0 0 0 0 0 0 0 0 0 0 0 0 0 0 0 0 0 13 10 12 10 13 31 16 30
0 0 0 0 0 0 0 0 0 0 0 0 0 0 0 0 0 0 0 0 0 0 0 10 12 10 13 31 16 30
0 0 0 0 0 0 0 0 0 0 0 0 0 0 0 0 0 0 0 0 0 0 0 0 12 10 13 31 16 30
0 0 0 0 0 0 0 0 0 0 0 0 0 0 0 0 0 0 0 0 0 0 0 0 0 10 13 31 16 30
0 0 0 0 0 0 0 0 0 0 0 0 0 0 0 0 0 0 0 0 0 0 0 0 0 0 13 31 16 30
0 0 0 0 0 0 0 0 0 0 0 0 0 0 0 0 0 0 0 0 0 0 0 0 0 0 0 31 16 30
0 0 0 0 0 0 0 0 0 0 0 0 0 0 0 0 0 0 0 0 0 0 0 0 0 0 0 0 16 30
0 0 0 0 0 0 0 0 0 0 0 0 0 0 0 0 0 0 0 0 0 0 0 0 0 0 0 0 0 20
0 0 0 0 0 0 0 0 0 0 0 0 0 0 0 0 0 0 0 0 0 0 0 0 0 0 0 0 0 0
